0.18986257 0.14375155 0.17380314 0.94980808 0.74040752
0.94151086 0.90809330 0.49615461 0.60949899 0.47246200
0.66982868 0.94332470 0.81217561 0.68844134 0.47180804
0.05645581 0.64390016 0.33670484 0.44860345 0.68339029
0.93185654 0.93304677 0.82170554 0.44439387 0.98329245
0.15598390 0.60444815 0.17554903 0.84732298 0.02216042
0.98167968 0.78654958 0.55933198 0.15180001 0.11221706
0.90842651 0.79391842 0.10403787 0.58508827 0.40084319
0.35442042 0.79337416 0.51049737 0.71245198 0.17378984
0.02818263 0.28452294 0.11118738 0.07463138 0.98424705
0.75909439 0.21695511 0.02735512 0.27473370 0.51981778
0.15850359 0.83671207 0.95197003 0.59163771 0.16105901
0.58901443 0.25893883 0.26140354 0.23770805 0.25251950
0.06708982 0.55133369 0.17980688 0.24240745 0.40538683
0.68407548 0.09935763 0.15626485 0.02097757 0.46654931
0.72385165 0.69136797 0.53934732 0.11446824 0.28409923
0.79745392 0.39193988 0.04423032 0.68960906 0.40162217
0.14334554 0.25870494 0.73470801 0.99398552 0.06676925
0.16967644 0.30129109 0.33535905 0.13214380 0.49772216
0.27308302 0.86111605 0.63544017 0.38150612 0.16945963
0.82694246 0.19801527 0.25806174 0.67905233 0.62174370
0.44736265 0.64287213 0.76335672 0.16777618 0.98077492
0.83968326 0.65426048 0.23685138 0.39809340 0.29622244
0.50216683 0.65483247 0.43209299 0.13875332 0.07677716
0.95539352 0.42443362 0.70584632 0.03984748 0.94675387
