0.08253652 0.48871450 0.19663362 0.66450914 0.19789906
0.93446168 0.28062516 0.47848354 0.69998278 0.96208651
0.97886562 0.71104584 0.44597392 0.87667660 0.11188483
0.96315087 0.75354887 0.75217894 0.46138258 0.95469356
0.47314263 0.43124965 0.04139384 0.76484730 0.25348626
0.37439070 0.43047929 0.80603892 0.08660281 0.76209215
0.99016995 0.37454768 0.63901257 0.54609075 0.16933359
0.61219151 0.15452478 0.91186186 0.65222445 0.01962745
0.25656312 0.71641290 0.79511449 0.11266689 0.09935167
0.10348954 0.58040756 0.89969694 0.17717038 0.56912926
0.35488733 0.56999874 0.52089373 0.75796280 0.47692112
0.31322801 0.65369898 0.24824768 0.85991245 0.46625003
0.29235740 0.35747753 0.13374571 0.69385830 0.57218982
0.71730269 0.55508875 0.30142465 0.66212921 0.08213746
0.84694936 0.94430623 0.51787273 0.21671835 0.29672600
0.43599240 0.64442595 0.73134341 0.72861071 0.25530975
0.98788907 0.61838028 0.15973736 0.71229349 0.60897649
0.97028910 0.95376469 0.72962717 0.35074505 0.64348226
0.49972849 0.52241312 0.40343694 0.65463560 0.59047706
0.26800613 0.78749594 0.00894301 0.30425188 0.88745725
0.99026906 0.56278748 0.69763282 0.27680919 0.34203095
0.61826187 0.72127761 0.13421775 0.45861119 0.00965696
0.30091273 0.55009523 0.17162541 0.17379923 0.34497908
0.73327610 0.67910699 0.31249725 0.17071564 0.51212365
0.83934883 0.97370358 0.62884428 0.75764648 0.19388875
