0.59320274 0.34458948 0.02615020 0.83737980 0.71784098
0.51996021 0.05341926 0.83004941 0.89239707 0.56052320
0.00678838 0.31085995 0.38608038 0.63779821 0.89974071
0.58558947 0.38833505 0.28922704 0.16962870 0.42587040
0.78284976 0.91550520 0.24177781 0.69679755 0.81002979
0.33352044 0.56398997 0.15012897 0.07781608 0.45622695
0.87734347 0.70110974 0.59661178 0.18119858 0.11226014
0.69272284 0.26036312 0.91722467 0.08974763 0.71877553
0.44934153 0.41865003 0.53830472 0.33781270 0.92251001
0.71157299 0.84938344 0.31567494 0.38627497 0.53310226
0.23982525 0.85420665 0.61319887 0.73070306 0.68895174
0.62384224 0.95366546 0.64204415 0.51466382 0.50381206
0.78797792 0.18122497 0.55369601 0.04598914 0.16391648
0.75994740 0.06148514 0.12296929 0.25253651 0.49164413
0.01308721 0.22678657 0.21177821 0.63234662 0.67617220
0.89549072 0.31844663 0.54450540 0.67224882 0.77620265
0.07946999 0.37100200 0.02153270 0.57293602 0.94228668
0.72438639 0.84738694 0.33308157 0.52081272 0.27794007
0.07700965 0.70548220 0.38451706 0.01754888 0.20434520
0.53581411 0.93939252 0.34366735 0.62686074 0.57061620
0.47823751 0.19800462 0.64079890 0.05934704 0.24810626
0.77405368 0.30123914 0.84157107 0.75850295 0.70544133
0.51001082 0.68593452 0.15484984 0.42733478 0.17908295
0.61574088 0.53673898 0.65581525 0.24854970 0.47554300
0.12375455 0.03521877 0.75505722 0.25123860 0.56932330
